%nvtest1
a=14;
a=15;
c=13;
b=12;

